0 99999999 86 112 54 65 0 0
0 99999999 134 134 48 63 0 1
0 99999999 186 110 54 68 0 0
0 99999999 216 229 51 71 0 0
0 99999999 248 99 48 68 0 0
0 99999999 302 81 52 71 0 0
0 99999999 316 227 56 75 0 0
0 99999999 363 109 49 63 0 0
0 99999999 401 80 49 63 0 0
0 99999999 446 262 57 68 0 0
0 99999999 452 132 63 73 0 0
0 99999999 483 67 54 70 0 0
0 99999999 533 258 58 75 0 0
0 99999999 535 152 59 69 0 0
0 99999999 585 58 49 65 0 0
0 99999999 627 148 51 59 0 0
0 99999999 631 268 52 69 0 0
0 99999999 721 219 56 74 0 0
0 99999999 691 76 51 79 0 0
0 99999999 763 60 53 74 0 0
0 99999999 828 63 52 73 0 0
