0 00003 941 202 65 80 0 2
0 RupertG 307 242 75 82 0 1
0 DomhnallG 94 158 73 82 0 1
0 EvannaL 176 352 63 80 0 0
0 BonnieW 474 258 67 71 0 0
0 TomF 769 207 73 77 0 0
0 WarwickD 363 545 67 90 0 0
0 NataliaT 1301 192 59 71 0 1
0 HelenM 625 250 67 73 0 1
0 JulieW 1112 252 69 71 0 0
0 JamesP 328 100 55 77 0 0
0 OliverP 683 96 57 69 0 0
0 MatthewL 457 119 53 84 0 0
0 MichaelG 560 160 63 88 0 0
0 JimB 248 209 57 73 0 1
0 RobbieC 777 135 77 75 0 2
0 DavidT 917 65 59 82 0 0
0 JasonI 1097 75 71 77 0 0
0 ChristianC 1202 112 61 88 0 0
0 RalphF 1426 80 69 110 0 2
0 DevonM 1457 153 71 92 0 1
1 00003 978 131 71 69 0 3
